%%MatrixMarket matrix coordinate real general
10 10 100
1 1 1
1 2 0.5
1 3 0.333333
1 4 0.25
1 5 0.2
1 6 0.166667
1 7 0.142857
1 8 0.125
1 9 0.111111
1 10 0.1
2 1 0.5
2 2 0.333333
2 3 0.25
2 4 0.2
2 5 0.166667
2 6 0.142857
2 7 0.125
2 8 0.111111
2 9 0.1
2 10 0.0909091
3 1 0.333333
3 2 0.25
3 3 0.2
3 4 0.166667
3 5 0.142857
3 6 0.125
3 7 0.111111
3 8 0.1
3 9 0.0909091
3 10 0.0833333
4 1 0.25
4 2 0.2
4 3 0.166667
4 4 0.142857
4 5 0.125
4 6 0.111111
4 7 0.1
4 8 0.0909091
4 9 0.0833333
4 10 0.0769231
5 1 0.2
5 2 0.166667
5 3 0.142857
5 4 0.125
5 5 0.111111
5 6 0.1
5 7 0.0909091
5 8 0.0833333
5 9 0.0769231
5 10 0.0714286
6 1 0.166667
6 2 0.142857
6 3 0.125
6 4 0.111111
6 5 0.1
6 6 0.0909091
6 7 0.0833333
6 8 0.0769231
6 9 0.0714286
6 10 0.0666667
7 1 0.142857
7 2 0.125
7 3 0.111111
7 4 0.1
7 5 0.0909091
7 6 0.0833333
7 7 0.0769231
7 8 0.0714286
7 9 0.0666667
7 10 0.0625
8 1 0.125
8 2 0.111111
8 3 0.1
8 4 0.0909091
8 5 0.0833333
8 6 0.0769231
8 7 0.0714286
8 8 0.0666667
8 9 0.0625
8 10 0.0588235
9 1 0.111111
9 2 0.1
9 3 0.0909091
9 4 0.0833333
9 5 0.0769231
9 6 0.0714286
9 7 0.0666667
9 8 0.0625
9 9 0.0588235
9 10 0.0555556
10 1 0.1
10 2 0.0909091
10 3 0.0833333
10 4 0.0769231
10 5 0.0714286
10 6 0.0666667
10 7 0.0625
10 8 0.0588235
10 9 0.0555556
10 10 0.0526316
