%%MatrixMarket matrix coordinate real general
10 10 100
1 1 1
1 2 0.5
1 3 0.33333
1 4 0.25
1 5 0.2
1 6 0.16667
1 7 0.14286
1 8 0.125
1 9 0.11111
1 10 0.1
2 1 0.5
2 2 0.33333
2 3 0.25
2 4 0.2
2 5 0.16667
2 6 0.14286
2 7 0.125
2 8 0.11111
2 9 0.1
2 10 0.09091
3 1 0.33333
3 2 0.25
3 3 0.2
3 4 0.16667
3 5 0.14286
3 6 0.125
3 7 0.11111
3 8 0.1
3 9 0.09091
3 10 0.08333
4 1 0.25
4 2 0.2
4 3 0.16667
4 4 0.14286
4 5 0.125
4 6 0.11111
4 7 0.1
4 8 0.09091
4 9 0.08333
4 10 0.07692
5 1 0.2
5 2 0.16667
5 3 0.14286
5 4 0.125
5 5 0.11111
5 6 0.1
5 7 0.09091
5 8 0.08333
5 9 0.07692
5 10 0.07143
6 1 0.16667
6 2 0.14286
6 3 0.125
6 4 0.11111
6 5 0.1
6 6 0.09091
6 7 0.08333
6 8 0.07692
6 9 0.07143
6 10 0.06667
7 1 0.14286
7 2 0.125
7 3 0.11111
7 4 0.1
7 5 0.09091
7 6 0.08333
7 7 0.07692
7 8 0.07143
7 9 0.06667
7 10 0.0625
8 1 0.125
8 2 0.11111
8 3 0.1
8 4 0.09091
8 5 0.08333
8 6 0.07692
8 7 0.07143
8 8 0.06667
8 9 0.0625
8 10 0.05882
9 1 0.11111
9 2 0.1
9 3 0.09091
9 4 0.08333
9 5 0.07692
9 6 0.07143
9 7 0.06667
9 8 0.0625
9 9 0.05882
9 10 0.05556
10 1 0.1
10 2 0.09091
10 3 0.08333
10 4 0.07692
10 5 0.07143
10 6 0.06667
10 7 0.0625
10 8 0.05882
10 9 0.05556
10 10 0.05263
